AMBANI FAMILY
1 0 DHIRUBHAI 77 0.00 2 0 123456789120
1 1 ISHA 70 0.00 1 0 123456789121
2
CHILD
1 0 MUKESH 56 1250.00 3 1 123456789122
1 1 NEETA 55 750.00 3 1 123456789123
4
CHILD
1 0 AAAA 34 10.00 3 1 123456789124
1 1 ADITI 0 0.00 0 1 123456789997
1
CHILD
0 0 SHREYASH 0 0.00 0 1 123456789874
0
CHILD
1 0 SANKET 55 0.00 1 1 123456789153
1 1 TINA 18 200.00 0 1 123456789125
1
CHILD
1 0 ANIM 0 0.00 0 1 123456789777
1 1 NEHA 0 0.00 0 1 123456789777
1
CHILD
0 0 GOPAL 0 0.00 0 1 123456789771
0
CHILD
0 0 ANAND 0 0.00 0 0 123456789997
0
CHILD
0 0 AKASH 0 0.00 0 1 123456789991
0
CHILD
1 0 ANIL 53 350.00 3 1 123456789126
1 1 LAYLA 51 450.00 3 1 123456789127
1
CHILD
0 0 NEYMAR 21 1000.00 0 1 123456789128
0
TRUMPH FAMILY
1 0 JONATHAN 87 100.00 2 1 123456789140
1 1 LOLA 87 0.00 1 0 123456789141
1
CHILD
1 0 LEBRON 57 0.00 2 0 123456789142
1 1 KATIE 55 70.00 2 1 123456789143
1
CHILD
1 0 SEBASTIN 27 100.00 2 1 123456789144
1 1 RACHEL 22 0.00 1 0 123456789145
0
MESSI FAMILY
1 0 SERGIO 83 0.00 1 0 123456789129
1 1 PAULA 81 0.00 1 0 123456789130
2
CHILD
1 0 ANDRES 55 100.00 2 1 123456789131
1 1 KATLIYN 53 20.00 1 1 123456789132
1
CHILD
1 0 LIONEL 29 1000.00 2 1 123456789133
1 1 ARIANA 23 2000.00 1 1 123456789134
3
CHILD
0 0 RAJ 0 0.00 0 1 123456789997
0
CHILD
1 0 ANIM 0 0.00 0 1 123456789777
1 1 NEHA 0 0.00 0 1 123456789777
1
CHILD
0 0 GOPAL 0 0.00 0 1 123456789771
0
CHILD
1 0 AAAA 34 10.00 3 1 123456789124
1 1 ADITI 0 0.00 0 1 123456789997
1
CHILD
0 0 SHREYASH 0 0.00 0 1 123456789874
0
CHILD
1 0 ROMIL 67 500.00 2 1 123456789135
1 1 TARLA 60 0.00 1 0 123456789136
0
GATES FAMILY
1 0 DONALD 80 600.00 0 1 123456789150
1 1 LISA 70 800.00 3 1 123456789151
3
CHILD
1 0 SANKET 55 0.00 1 1 123456789153
1 1 TINA 18 200.00 0 1 123456789125
1
CHILD
1 0 ANIM 0 0.00 0 1 123456789777
1 1 NEHA 0 0.00 0 1 123456789777
1
CHILD
0 0 GOPAL 0 0.00 0 1 123456789771
0
CHILD
0 1 MICHELLE 45 50.00 3 1 123456789161
0
CHILD
0 1 IVANAKA 40 60.00 2 1 123456789170
0